0 0.0625 0.3078125 0.090625 0.3078125 0.090625 0.315625 0.0875 0.31875 0.0640625 0.31875 0.0625 0.309375
0 0.575 0.8703125 0.640625 0.8703125 0.6421875 0.878125 0.640625 0.8984375 0.584375 0.8984375 0.5796875 0.8921875 0.5796875 0.884375 0.5765625 0.8828125 0.575 0.871875
0 0.8125 0.63125 0.8296875 0.63125 0.83125 0.634375 0.8375 0.634375 0.8390625 0.63125 0.865625 0.63125 0.865625 0.6359375 0.8625 0.6375 0.8625 0.6421875 0.8578125 0.646875 0.8578125 0.653125 0.809375 0.653125 0.809375 0.634375 0.8125 0.6328125
0 0.0875 0.6703125 0.1125 0.6703125 0.115625 0.6734375 0.115625 0.6859375 0.1125 0.6875 0.1125 0.6921875 0.0921875 0.6921875 0.0890625 0.6890625 0.0875 0.678125 0.084375 0.6765625 0.084375 0.6734375 0.0875 0.671875
0 0.68125 0.665625 0.6796875 0.6546875 0.7203125 0.6546875 0.7203125 0.66875 0.684375 0.66875 0.6828125 0.665625
0 0.15625 0.9046875 0.1625 0.9046875 0.1640625 0.9078125 0.1671875 0.9078125 0.1671875 0.9265625 0.14375 0.9265625 0.1421875 0.921875 0.14375 0.9078125 0.15625 0.90625
0 0.7453125 0.4 0.7453125 0.41875 0.721875 0.41875 0.71875 0.415625 0.71875 0.4 0.74375 0.4
0 0.9671875 0.59375 0.975 0.59375 0.9765625 0.596875 0.9859375 0.596875 0.9875 0.6 0.9859375 0.6125 0.9640625 0.6125 0.9625 0.615625 0.934375 0.615625 0.934375 0.6078125 0.93125 0.60625 0.93125 0.6 0.934375 0.596875 0.965625 0.596875 0.9671875 0.5953125
0 0 0.94375 0.040625 0.94375 0.0421875 0.946875 0.0421875 0.965625 0.0390625 0.965625 0.0375 0.96875 0 0.96875 0 0.9453125
0 0.3796875 0.596875 0.3875 0.6 0.3875 0.615625 0.3859375 0.61875 0.3796875 0.61875 0.3796875 0.5984375
0 0.2375 0.384375 0.2609375 0.384375 0.2609375 0.3890625 0.25625 0.3890625 0.2546875 0.3953125 0.2375 0.3953125 0.2375 0.3859375
0 0.3125 0.79375 0.35 0.79375 0.3515625 0.796875 0.3625 0.796875 0.365625 0.8 0.365625 0.803125 0.3625 0.8046875 0.3625 0.81875 0.359375 0.81875 0.3578125 0.821875 0.3546875 0.81875 0.3015625 0.81875 0.3 0.796875 0.3125 0.7953125
0 0.5 0.540625 0.5015625 0.54375 0.5046875 0.54375 0.50625 0.540625 0.5234375 0.540625 0.525 0.54375 0.5328125 0.54375 0.5328125 0.553125 0.5296875 0.5546875 0.528125 0.559375 0.4875 0.559375 0.484375 0.55625 0.484375 0.54375 0.5 0.5421875
0 0.23125 0.4609375 0.2625 0.4609375 0.2625 0.471875 0.25625 0.471875 0.2546875 0.4765625 0.2515625 0.4765625 0.25 0.471875 0.23125 0.471875 0.2296875 0.46875 0.23125 0.4625