0 0.75 0.7953125 0.76875 0.7953125 0.7671875 0.80625 0.75 0.80625 0.75 0.796875
0 0.9375 0.73125 0.9546875 0.73125 0.9546875 0.7375 0.9515625 0.740625 0.940625 0.740625 0.9375 0.7375 0.9375 0.7328125
0 0.2109375 0.875 0.2265625 0.875 0.2265625 0.878125 0.2296875 0.8796875 0.2265625 0.8859375 0.20625 0.8859375 0.2109375 0.8765625
0 0.375 0.775 0.3890625 0.775 0.3890625 0.778125 0.3921875 0.7796875 0.3890625 0.7859375 0.3734375 0.7859375 0.375 0.7765625
0 0.4375 0.59375 0.446875 0.59375 0.446875 0.6046875 0.4375 0.6046875 0.4375 0.5953125
0 0.790625 0.58125 0.796875 0.58125 0.7984375 0.5859375 0.7984375 0.5921875 0.7859375 0.5921875 0.790625 0.5828125
0 0.2359375 0.69375 0.2484375 0.69375 0.2484375 0.7015625 0.2359375 0.7015625 0.2359375 0.6953125
0 0.5078125 0.4234375 0.5140625 0.4234375 0.5140625 0.43125 0.5078125 0.43125 0.5078125 0.425
0 0.5234375 0.7953125 0.5421875 0.7953125 0.5421875 0.80625 0.525 0.80625 0.5234375 0.796875
0 0.53125 0.6625 0.54375 0.6625 0.54375 0.671875 0.53125 0.671875 0.53125 0.6640625
0 0.615625 0.9359375 0.6359375 0.9359375 0.6359375 0.9390625 0.6390625 0.940625 0.6390625 0.946875 0.615625 0.946875 0.615625 0.9375
0 0.70625 0.6296875 0.7171875 0.6296875 0.7171875 0.6359375 0.7140625 0.6375 0.7140625 0.640625 0.7109375 0.6359375 0.70625 0.6359375 0.70625 0.63125
0 0.790625 0.5578125 0.7984375 0.5578125 0.796875 0.571875 0.79375 0.571875 0.7921875 0.5671875 0.7875 0.5671875 0.7875 0.5609375 0.790625 0.559375