0 0.9078125 0.3078125 0.9359375 0.3078125 0.934375 0.31875 0.9109375 0.31875 0.9078125 0.315625 0.9078125 0.309375
0 0.3578125 0.8703125 0.4234375 0.8703125 0.421875 0.8828125 0.41875 0.884375 0.41875 0.8921875 0.4140625 0.8984375 0.3578125 0.8984375 0.3578125 0.88125 0.35625 0.8796875 0.3578125 0.871875
0 0.1328125 0.63125 0.159375 0.63125 0.1609375 0.634375 0.1671875 0.634375 0.16875 0.63125 0.1859375 0.63125 0.1890625 0.634375 0.1890625 0.653125 0.140625 0.653125 0.140625 0.646875 0.1375 0.6453125 0.1328125 0.6328125
0 0.8859375 0.6703125 0.9109375 0.6703125 0.9140625 0.6734375 0.9140625 0.6765625 0.9109375 0.678125 0.909375 0.6890625 0.90625 0.6921875 0.8859375 0.6921875 0.8859375 0.6875 0.8828125 0.6859375 0.8828125 0.6734375 0.8859375 0.671875
0 0.278125 0.6546875 0.31875 0.6546875 0.3171875 0.665625 0.3140625 0.66875 0.278125 0.66875 0.278125 0.65625
0 0.8359375 0.9046875 0.8421875 0.9046875 0.84375 0.9078125 0.8546875 0.9078125 0.85625 0.9109375 0.8546875 0.9265625 0.83125 0.9265625 0.83125 0.9078125 0.8359375 0.90625
0 0.253125 0.4 0.2796875 0.4 0.2796875 0.415625 0.2765625 0.41875 0.253125 0.41875 0.253125 0.4015625
0 0.0234375 0.59375 0.03125 0.59375 0.0328125 0.596875 0.0640625 0.596875 0.0671875 0.6 0.0671875 0.60625 0.0640625 0.6078125 0.0640625 0.615625 0.0359375 0.615625 0.034375 0.6125 0.0125 0.6125 0.0109375 0.609375 0.0125 0.596875 0.0234375 0.5953125
0 0.9578125 0.94375 0.9984375 0.94375 0.9984375 0.96875 0.9609375 0.96875 0.959375 0.965625 0.95625 0.965625 0.95625 0.946875 0.9578125 0.9453125
0 0.615625 0.596875 0.61875 0.596875 0.61875 0.61875 0.6125 0.61875 0.6109375 0.615625 0.6109375 0.6 0.615625 0.5984375
0 0.7375 0.384375 0.7609375 0.384375 0.7609375 0.3953125 0.74375 0.3953125 0.74375 0.390625 0.7375 0.3890625 0.7375 0.3859375
0 0.6484375 0.79375 0.6859375 0.79375 0.6875 0.796875 0.6984375 0.796875 0.696875 0.81875 0.64375 0.81875 0.640625 0.821875 0.6390625 0.81875 0.6359375 0.81875 0.6359375 0.8046875 0.6328125 0.803125 0.6328125 0.8 0.6359375 0.796875 0.6484375 0.7953125
0 0.475 0.540625 0.4921875 0.540625 0.49375 0.54375 0.496875 0.54375 0.4984375 0.540625 0.5 0.54375 0.5140625 0.54375 0.5140625 0.55625 0.5109375 0.559375 0.4703125 0.559375 0.46875 0.5546875 0.465625 0.553125 0.465625 0.54375 0.475 0.5421875
0 0.7359375 0.4609375 0.7671875 0.4609375 0.76875 0.4671875 0.7671875 0.471875 0.7484375 0.471875 0.746875 0.4765625 0.74375 0.4765625 0.7421875 0.471875 0.7359375 0.471875 0.7359375 0.4625